 -1.7023e+00  8.9539e-01
 -1.4017e+00  7.9100e-01
 -1.3679e+00  7.5258e-01
 -1.1784e+00  6.5496e-01
 -1.1072e+00  5.9694e-01
 -1.0308e+00  5.6120e-01
 -1.0821e+00  5.3581e-01
 -9.9800e-01  4.4511e-01
 -8.9906e-01  2.7751e-01
 -8.2591e-01  1.3961e-01
 -9.4600e-01  2.0950e-02
 -9.9959e-01  1.4250e-02
 -9.7709e-01  4.1237e-02
 -9.6095e-01  2.3063e-02
 -8.4836e-01  3.2663e-02
 -8.6137e-01  6.4763e-02
 -9.7315e-01  1.1900e-01
 -1.0344e+00  9.8437e-02
 -1.0255e+00  1.0313e-01
 -1.0253e+00  1.3604e-01
 -9.3279e-01  5.9975e-02
 -8.1469e-01  3.1363e-02
 -7.8381e-01  1.8150e-02
 -7.1531e-01  1.6575e-02
 -8.4988e-01  1.9338e-02
 -8.1260e-01  2.1075e-02
 -9.1855e-01  7.6975e-02
 -8.7616e-01  1.2150e-01
 -8.5403e-01  8.1900e-02
 -7.6960e-01  6.1400e-02
 -7.8696e-01  2.5188e-02
 -8.5826e-01  2.8700e-02
 -8.0173e-01  7.1487e-02
 -8.4390e-01  9.8712e-02
 -8.7435e-01  1.5494e-01
 -9.5647e-01  1.5765e-01
 -1.0451e+00  1.4846e-01
 -9.9695e-01  8.4125e-02
 -9.4964e-01  7.9675e-02
 -8.0734e-01  8.5750e-02
 -7.7926e-01  1.1298e-01
 -9.0439e-01  1.1375e-01
 -9.6040e-01  1.2801e-01
 -9.5539e-01  1.6913e-01
 -9.0758e-01  1.3450e-01
 -8.5266e-01  1.3348e-01
 -9.3684e-01  1.5308e-01
 -7.7369e-01  1.1810e-01
 -8.0171e-01  1.3620e-01
 -8.8621e-01  1.4341e-01
 -9.7285e-01  2.6275e-01
 -1.0007e+00  3.4467e-01
 -9.8706e-01  3.3063e-01
 -9.6709e-01  2.4460e-01
 -9.6283e-01  2.4011e-01
 -1.0079e+00  2.3397e-01
 -9.3260e-01  2.1187e-01
 -9.5694e-01  1.2535e-01
 -9.5069e-01  4.7988e-02
 -8.6407e-01  5.4188e-02
 -8.1852e-01  8.4063e-02
 -9.3681e-01  8.9038e-02
 -9.0281e-01  6.2350e-02
 -1.0210e+00  1.8963e-02
 -1.0130e+00  4.7963e-02
 -9.8529e-01  5.3663e-02
 -1.0251e+00  2.9863e-02
 -9.4644e-01  4.1488e-02
 -8.7522e-01  4.6613e-02
 -7.8567e-01  7.8150e-02
 -7.6034e-01  5.6800e-02
 -9.0851e-01  4.6138e-02
 -8.7478e-01  1.1646e-01
 -8.4228e-01  1.8040e-01
 -7.6955e-01  2.1966e-01
 -8.0220e-01  1.9775e-01
 -7.9239e-01  2.2346e-01
 -7.9146e-01  1.9589e-01
 -9.1847e-01  1.3845e-01
 -8.3565e-01  7.1313e-02
 -7.8544e-01  2.4313e-02
 -8.9689e-01  6.4825e-02
 -9.6291e-01  1.0634e-01
 -1.0107e+00  1.3673e-01
 -9.0853e-01  8.8750e-02
 -9.1851e-01  3.7525e-02
 -9.7062e-01  1.3950e-02
 -9.1670e-01  5.8975e-02
 -8.1863e-01  1.3525e-01
 -7.6244e-01  1.1188e-01
 -8.5626e-01  7.5838e-02
 -9.9314e-01  5.7862e-02
 -9.4580e-01  1.3000e-02
 -8.4606e-01  4.7125e-02
 -8.3750e-01  7.0525e-02
 -8.6224e-01  2.2225e-02
 -9.8971e-01  2.2513e-02
 -9.5031e-01  4.9600e-02
 -8.6589e-01  8.7625e-02
 -8.8905e-01  2.4300e-02
