 -4.1101e-01  3.2909e-01
 -7.0940e-01  3.0518e-01
 -8.5416e-01  2.8876e-01
 -9.0036e-01  2.4127e-01
 -8.3445e-01  2.2579e-01
 -9.9764e-01  2.0890e-01
 -9.4305e-01  2.0106e-01
 -9.8695e-01  1.8914e-01
 -9.6475e-01  2.3803e-01
 -8.5184e-01  2.3492e-01
 -8.9933e-01  2.1714e-01
 -8.6996e-01  1.5045e-01
 -8.4718e-01  1.1715e-01
 -8.9364e-01  1.0389e-01
 -7.6793e-01  4.4750e-02
 -8.6626e-01  8.7850e-02
 -8.8300e-01  6.3075e-02
 -8.9236e-01  2.2300e-02
 -8.2921e-01  1.6200e-02
 -1.0000e+00  1.2308e-01
 -8.3502e-01  1.3934e-01
 -9.0852e-01  2.5538e-02
 -1.0303e+00  6.2713e-02
 -9.6169e-01  1.2469e-01
 -9.2071e-01  1.2154e-01
 -9.5869e-01  8.5413e-02
 -9.7696e-01  9.5463e-02
 -1.0034e+00  1.0664e-01
 -8.6822e-01  6.7075e-02
 -8.3995e-01  4.3763e-02
 -9.4315e-01  8.3400e-02
 -9.8552e-01  1.3418e-01
 -9.3975e-01  9.5388e-02
 -9.0049e-01  6.1275e-02
 -8.1587e-01  5.4188e-02
 -8.3449e-01  2.7950e-02
 -8.1609e-01  8.3363e-02
 -8.5197e-01  1.1913e-01
 -8.9434e-01  9.8750e-02
 -9.2961e-01  1.5710e-01
 -9.8606e-01  1.6998e-01
 -9.9221e-01  1.8682e-01
 -1.0629e+00  1.3319e-01
 -1.0134e+00  1.2361e-01
 -1.0346e+00  1.8178e-01
 -9.3625e-01  1.6022e-01
 -8.2621e-01  1.5604e-01
 -8.2116e-01  7.1588e-02
 -8.5983e-01  8.4288e-02
 -8.4131e-01  1.1299e-01
 -8.3803e-01  9.4950e-02
 -7.9225e-01  1.0516e-01
 -7.9334e-01  1.4824e-01
 -7.6291e-01  1.5810e-01
 -7.8218e-01  1.4764e-01
 -7.7263e-01  1.7709e-01
 -7.3276e-01  1.4643e-01
 -8.4710e-01  1.0753e-01
 -8.3361e-01  8.3313e-02
 -8.5319e-01  3.2575e-02
 -8.8875e-01  5.4438e-02
 -8.9619e-01  5.3113e-02
 -1.0281e+00  1.6099e-01
 -9.6666e-01  5.6088e-02
 -1.0202e+00  3.7763e-02
 -9.7651e-01  2.3975e-02
 -1.0015e+00  6.4163e-02
 -1.0382e+00  4.5463e-02
 -1.0625e+00  4.6838e-02
 -9.6502e-01  1.6225e-02
 -9.4584e-01  4.8813e-02
 -9.7826e-01  2.4425e-02
 -8.2517e-01  1.9400e-02
 -9.1415e-01  1.4150e-02
 -8.8965e-01  2.8975e-02
 -9.7241e-01  1.0644e-01
 -9.8641e-01  4.7400e-02
 -8.4446e-01  1.5075e-02
 -9.1440e-01  3.7575e-02
 -9.3035e-01  1.0300e-01
 -9.3442e-01  1.2984e-01
 -8.8109e-01  1.2179e-01
 -9.0141e-01  1.3123e-01
 -8.3535e-01  1.8469e-01
 -8.4814e-01  1.5475e-01
 -8.5618e-01  8.5863e-02
 -9.6285e-01  3.6663e-02
 -9.5064e-01  3.0913e-02
 -8.3574e-01  8.2713e-02
 -7.9381e-01  1.1136e-01
 -6.4084e-01  1.0643e-01
 -7.3387e-01  6.8325e-02
 -9.3042e-01  1.1646e-01
 -9.7986e-01  1.3062e-01
 -1.0515e+00  1.2570e-01
 -1.0952e+00  1.0124e-01
 -9.0550e-01  1.1393e-01
 -8.9048e-01  2.1210e-01
 -8.9972e-01  2.4261e-01
 -9.5673e-01  2.5616e-01
