  5.8237e-02  1.5110e-01
  1.3937e-02  7.0475e-02
 -3.2762e-02  2.6675e-02
 -2.8325e-02  4.9325e-02
  6.4900e-02  1.8850e-02
 -5.8613e-02  2.7375e-02
 -2.9312e-02  2.1575e-02
  2.1313e-02  3.0775e-02
 -7.9900e-02  3.2700e-02
 -4.6000e-02  3.6850e-02
 -2.9450e-02  2.8500e-02
 -2.4625e-03  1.6350e-02
  1.2313e-01  4.0900e-02
 -1.6287e-02  3.9625e-02
 -6.1600e-02  3.2125e-02
 -4.4825e-02  2.3275e-02
 -3.7500e-02  2.1225e-02
 -2.4975e-02  3.6475e-02
  7.3887e-02  4.5525e-02
 -6.6875e-03  7.2350e-02
 -3.3125e-02  6.5225e-02
 -1.1408e-01  3.8600e-02
 -6.9925e-02  3.6350e-02
 -8.5462e-02  2.7850e-02
 -4.6313e-02  4.2175e-02
  1.3750e-03  4.3900e-02
  7.7650e-02  2.6450e-02
  9.1625e-03  4.8750e-02
  2.2600e-02  3.6900e-02
  1.6413e-02  1.8850e-02
  6.3638e-02  1.7925e-02
  2.8625e-03  2.1875e-02
 -5.7925e-02  2.6300e-02
 -1.2788e-02  1.7500e-02
 -1.0402e-01  8.7200e-02
 -3.5825e-02  3.0100e-02
 -2.7875e-02  7.7175e-02
 -7.9538e-02  5.2350e-02
  1.0313e-02  2.4575e-02
  2.7500e-04  2.2575e-02
 -9.4375e-03  1.3375e-02
 -4.5613e-02  4.4925e-02
 -4.3825e-02  2.2075e-02
 -5.8163e-02  4.5375e-02
  9.1750e-03  4.5525e-02
 -9.6875e-03  5.7725e-02
 -1.1167e-01  7.6450e-02
 -5.6775e-02  7.1875e-02
 -1.0575e-02  2.0325e-02
  6.2862e-02  5.3625e-02
  3.7875e-02  5.1450e-02
 -5.1575e-02  2.8875e-02
  1.4687e-02  2.6275e-02
  2.5875e-02  8.8975e-02
 -1.7862e-02  3.0175e-02
  7.0250e-02  2.8875e-02
  6.7525e-02  2.8450e-02
  1.0120e-01  2.4875e-02
 -2.1463e-02  8.0425e-02
  4.5488e-02  2.8425e-02
  5.0087e-02  5.8925e-02
 -1.3762e-02  4.6250e-02
 -1.0262e-01  5.9225e-02
  4.9650e-02  5.9375e-02
  6.6875e-03  2.0225e-02
  9.8750e-03  2.0350e-02
  1.9437e-02  1.6425e-02
 -4.8362e-02  2.2600e-02
  3.4225e-02  3.6950e-02
  1.8900e-02  4.9525e-02
  2.9450e-02  3.0525e-02
  5.0375e-03  6.8300e-02
 -2.8225e-02  9.0550e-02
  6.2262e-02  3.9250e-02
  6.0913e-02  3.9550e-02
 -4.4788e-02  2.4450e-02
 -4.4887e-02  2.5300e-02
 -2.7250e-02  2.7725e-02
 -1.8675e-02  2.8975e-02
  9.3625e-03  4.2625e-02
  1.5612e-02  7.7325e-02
  2.1075e-02  1.8175e-02
 -7.9562e-02  2.3300e-02
 -1.4250e-03  2.6925e-02
 -3.9900e-02  4.3925e-02
  3.9275e-02  4.3400e-02
 -3.3050e-02  3.4100e-02
 -4.8738e-02  9.9350e-02
  2.5675e-02  4.7225e-02
 -7.7263e-02  3.4500e-02
 -2.1325e-02  4.0725e-02
  2.3000e-03  2.1000e-02
 -3.1600e-02  6.8050e-02
  5.0875e-03  3.2175e-02
 -1.4075e-02  3.5975e-02
 -7.4875e-03  5.3400e-02
  6.4125e-03  3.5650e-02
 -1.3000e-02  3.2725e-02
 -1.5462e-02  2.7175e-02
 -5.9200e-02  5.6400e-02
