 -5.3560e-01  4.3593e-01
 -3.2700e-02  4.8675e-02
 -2.3375e-02  2.5500e-03
  4.7575e-02  4.6325e-02
  1.4500e-02  8.0000e-04
 -3.9225e-02  2.3950e-02
 -7.5725e-02  2.9750e-03
 -6.0575e-02  2.1025e-02
  3.4500e-02  6.1000e-03
 -1.2275e-02  9.3250e-03
  6.8750e-03  2.2700e-02
  1.0445e-01  1.0825e-02
  7.1000e-03  2.2250e-02
  1.0375e-02  7.7250e-03
 -2.0125e-02  3.2000e-02
 -3.2850e-02  2.7450e-02
 -1.1200e-02  1.7450e-02
 -1.1027e-01  6.7400e-02
  8.7500e-03  1.2700e-02
  1.8500e-02  2.2175e-02
  3.3250e-03  2.2375e-02
 -7.8825e-02  3.6150e-02
  3.2000e-03  3.4925e-02
 -4.2500e-04  1.5100e-02
 -4.9250e-03  1.5100e-02
 -5.0300e-02  1.7650e-02
  3.3575e-02  3.1500e-02
 -6.2600e-02  1.6050e-02
 -8.4500e-03  3.6200e-02
  9.0000e-03  2.8750e-02
 -4.7500e-04  5.9250e-02
  4.9800e-02  3.9375e-02
  4.9500e-03  1.9200e-02
 -4.1100e-02  5.4200e-02
 -3.2500e-04  3.1700e-02
 -3.5450e-02  2.4250e-03
  3.0425e-02  1.5025e-02
 -1.2150e-02  0.0000e+00
  3.2500e-02  1.4875e-02
 -3.1525e-02  4.5250e-03
 -5.2750e-02  7.5200e-02
 -5.4700e-02  4.1025e-02
 -8.2550e-02  1.4700e-02
 -2.3775e-02  1.6550e-02
  5.1500e-03  7.9000e-03
  1.0100e-02  6.3975e-02
 -2.2575e-02  8.3025e-02
 -3.4250e-02  4.4850e-02
  1.8275e-02  2.5000e-04
 -6.6975e-02  2.2925e-02
 -4.3100e-02  3.7250e-03
 -1.2850e-02  2.8725e-02
  1.0350e-02  2.0300e-02
 -5.4175e-02  6.8300e-02
  7.2500e-04  6.1250e-03
 -2.0825e-02  3.9125e-02
 -1.5925e-02  2.4000e-03
 -2.4500e-02  8.1750e-03
 -8.3675e-02  2.4300e-02
 -2.1875e-02  1.6275e-02
 -3.6250e-03  5.2150e-02
  3.9975e-02  2.1200e-02
 -7.1125e-02  3.6525e-02
 -2.7475e-02  9.0750e-03
 -9.0550e-02  1.1500e-02
  1.0600e-02  3.5350e-02
  3.4675e-02  2.5900e-02
  7.1500e-03  3.1325e-02
 -2.4350e-02  1.2925e-02
  1.3875e-02  2.6075e-02
 -1.6375e-02  1.1475e-02
 -6.3250e-02  5.3000e-02
 -6.0275e-02  4.0750e-02
 -9.1625e-02  9.5900e-02
 -3.5050e-02  1.1020e-01
 -1.4300e-02  3.4750e-02
  7.7100e-02  1.8875e-02
 -9.9000e-03  2.6525e-02
  2.4575e-02  4.3475e-02
 -1.5000e-03  4.6700e-02
  1.1893e-01  1.1075e-02
  4.4875e-02  1.8300e-02
 -2.5750e-02  6.8500e-03
  9.0500e-03  1.8250e-03
  1.4475e-02  4.1350e-02
 -4.5525e-02  1.6875e-02
  4.9175e-02  3.8500e-02
  7.6675e-02  1.2225e-02
  3.1375e-02  9.7500e-03
 -3.4475e-02  2.8500e-03
 -5.4450e-02  2.3575e-02
 -1.0110e-01  8.1250e-03
 -1.9775e-02  5.1475e-02
  4.9400e-02  1.4425e-02
 -6.5100e-02  7.9000e-03
 -2.2500e-04  4.0100e-02
 -1.6850e-02  1.8825e-02
  8.2225e-02  4.3775e-02
 -2.5600e-02  2.4875e-02
 -2.1200e-02  2.1025e-02
  5.1325e-02  1.3925e-02
 -6.2525e-02  1.5100e-02
  4.0500e-02  3.3550e-02
  1.1517e-01  2.5075e-02
  6.2225e-02  1.3900e-02
  3.5525e-02  4.3875e-02
  4.6100e-02  2.5450e-02
  2.1500e-03  2.7375e-02
 -2.2625e-02  1.0000e-04
  1.7025e-02  7.0000e-04
 -8.7500e-04  4.3125e-02
 -3.2150e-02  3.2500e-03
 -5.1525e-02  5.2350e-02
 -5.0050e-02  2.1550e-02
 -4.2000e-03  5.6175e-02
  1.0140e-01  2.6050e-02
  8.8000e-02  4.2750e-03
 -1.2200e-02  4.8750e-03
  7.7450e-02  9.3000e-03
 -2.3500e-03  1.6625e-02
 -7.4050e-02  6.7675e-02
 -5.8275e-02  2.7725e-02
  3.2650e-02  1.1650e-02
 -2.0200e-02  7.6575e-02
  1.0068e-01  1.3275e-02
  2.2725e-02  2.1975e-02
 -3.5550e-02  1.7000e-03
 -4.9250e-02  1.9175e-02
 -2.2675e-02  3.7975e-02
  1.2750e-03  6.7600e-02
 -2.9800e-02  2.2550e-02
 -2.9800e-02  2.6950e-02
 -1.2725e-02  8.9475e-02
  1.0350e-02  9.8750e-03
 -1.8300e-02  3.6825e-02
 -6.0250e-03  1.0025e-02
 -2.8350e-02  5.7000e-03
 -2.4000e-03  6.3400e-02
  6.5225e-02  8.3750e-03
 -3.8625e-02  4.1500e-03
  1.5750e-03  1.4525e-02
 -1.4150e-02  1.1325e-02
 -3.2550e-02  3.8750e-02
  1.3450e-02  4.1650e-02
  8.4000e-03  1.3000e-02
  1.1700e-02  5.4100e-02
  2.5750e-03  2.1650e-02
  1.8075e-02  4.9150e-02
 -8.4950e-02  1.9750e-02
 -6.8650e-02  4.0500e-02
 -7.1875e-02  9.3500e-03
 -2.7050e-02  1.0250e-03
  8.0750e-03  3.3950e-02
  8.5250e-03  4.9400e-02
 -7.0000e-03  2.8450e-02
 -6.8800e-02  3.8150e-02
 -4.3525e-02  1.7250e-02
  6.0000e-03  1.0050e-02
  2.8725e-02  2.2850e-02
 -1.2305e-01  2.2025e-02
  2.6000e-02  3.0400e-02
 -8.7500e-03  2.3050e-02
 -2.6650e-02  6.2250e-03
 -1.7875e-02  1.2700e-02
  1.1600e-02  7.1250e-03
 -6.1875e-02  6.7925e-02
  3.9300e-02  6.2075e-02
  1.2575e-01  4.5325e-02
  2.5250e-02  1.2500e-03
 -7.7450e-02  6.5750e-02
 -6.4300e-02  5.6800e-02
  5.2250e-03  3.2375e-02
 -1.7625e-02  5.2450e-02
 -2.3725e-02  6.0700e-02
  5.1950e-02  4.5700e-02
 -3.1750e-02  7.3375e-02
 -5.8900e-02  7.3975e-02
 -5.3025e-02  6.0225e-02
  8.0750e-02  1.3175e-02
  6.8000e-03  1.0875e-02
  8.9950e-02  1.8900e-02
  2.7975e-02  3.2000e-03
  9.0000e-04  5.0250e-03
  5.7800e-02  4.7500e-04
 -6.8050e-02  7.7325e-02
 -3.5650e-02  4.8400e-02
 -4.2075e-02  2.7625e-02
  4.0250e-03  2.6750e-02
  2.5250e-03  4.1625e-02
  5.2750e-02  4.1175e-02
  7.2625e-02  1.2025e-02
  1.8375e-02  1.2475e-02
  4.2950e-02  2.3575e-02
  4.7225e-02  6.5375e-02
  5.7800e-02  1.7750e-02
 -8.3500e-03  4.4575e-02
  3.4750e-03  1.1450e-02
  1.6475e-02  2.9000e-03
  3.0500e-02  1.6275e-02
 -1.6175e-02  3.9775e-02
  1.7550e-02  1.8000e-02
 -4.3800e-02  3.5000e-04
 -3.2775e-02  3.1850e-02
  4.8525e-02  6.1825e-02
 -2.2050e-02  4.4925e-02
  4.7050e-02  4.0775e-02
  1.7950e-02  3.3900e-02
  4.4450e-02  2.0325e-02
  5.7150e-02  1.8075e-02
  1.2125e-02  1.9250e-03
  3.1750e-03  2.2475e-02
  7.0250e-03  2.4775e-02
  5.4100e-02  3.4825e-02
  6.0700e-02  1.5750e-03
  6.6000e-02  2.1650e-02
  7.6750e-02  5.4250e-03
 -5.6975e-02  8.7500e-04
 -5.4200e-02  8.1750e-03
  1.2725e-02  3.8425e-02
  4.7150e-02  2.8950e-02
 -3.8450e-02  1.3800e-02
  6.5575e-02  2.7575e-02
 -5.0175e-02  2.4275e-02
  1.2450e-02  1.9750e-02
 -2.9250e-02  4.0000e-02
  1.5100e-02  3.5750e-03
 -7.6275e-02  5.2500e-04
 -1.5800e-02  3.8950e-02
  7.5900e-02  1.7500e-04
  1.9725e-02  6.0925e-02
 -3.7550e-02  2.1375e-02
 -3.8575e-02  1.4700e-02
 -5.4075e-02  9.2500e-03
 -5.1225e-02  1.4800e-02
 -5.2600e-02  5.0725e-02
 -2.6450e-02  1.0670e-01
 -3.3725e-02  3.5350e-02
  3.0275e-02  3.0450e-02
 -1.2750e-03  5.7675e-02
 -9.9500e-03  5.6250e-03
 -3.6050e-02  4.7525e-02
 -5.8525e-02  2.9850e-02
 -4.6500e-03  3.6775e-02
  4.9000e-02  3.8750e-02
 -5.0125e-02  5.2225e-02
  5.7025e-02  2.2575e-02
  1.3150e-02  3.3050e-02
  4.7500e-03  6.5025e-02
 -3.5700e-02  1.2575e-02
  1.2035e-01  2.5800e-02
  6.4900e-02  5.6950e-02
  8.3175e-02  1.4275e-02
 -5.3275e-02  1.4350e-02
  2.4900e-02  2.8875e-02
  8.0000e-04  8.9500e-03
  1.2075e-02  7.0475e-02
 -2.8175e-02  2.9750e-03
  9.9000e-03  2.3375e-02
 -3.1050e-02  1.8150e-02
 -4.0000e-04  2.8825e-02
  7.7500e-03  2.3325e-02
 -7.4375e-02  2.1950e-02
 -9.8000e-03  7.0475e-02
 -3.3425e-02  3.5950e-02
 -2.4350e-02  7.1275e-02
 -1.0375e-02  3.5250e-02
  3.7900e-02  3.1075e-02
 -2.1450e-02  5.1325e-02
 -1.4050e-02  6.0525e-02
 -1.3575e-02  2.0025e-02
  1.0875e-02  1.4525e-02
  3.4750e-03  1.2325e-02
 -3.8500e-02  1.0915e-01
  2.5275e-02  4.0675e-02
  1.9650e-02  3.0550e-02
  4.2100e-02  7.4750e-03
  1.0480e-01  2.7700e-02
  6.5000e-03  5.0250e-03
  1.0025e-02  4.2350e-02
  3.1575e-02  2.8875e-02
  3.8275e-02  8.3250e-03
  8.7225e-02  1.7975e-02
 -2.2375e-02  2.6350e-02
 -1.0025e-02  5.3000e-03
 -1.3500e-02  7.2750e-03
  1.1600e-02  3.2500e-04
 -8.5425e-02  1.9700e-02
 -7.8750e-03  5.5025e-02
  3.8150e-02  6.9800e-02
  1.6725e-02  3.6175e-02
  2.1700e-02  5.2450e-02
  1.9925e-02  2.5375e-02
 -6.6125e-02  1.4750e-02
 -5.6050e-02  7.2175e-02
  1.2375e-02  2.9375e-02
  1.9150e-02  6.8100e-02
  1.1425e-02  3.5550e-02
 -3.8475e-02  5.9725e-02
 -2.8375e-02  4.5400e-02
  7.8500e-03  1.9350e-02
 -5.6000e-03  4.5900e-02
 -3.0025e-02  5.8250e-03
 -6.1250e-02  4.1500e-02
 -6.4500e-03  3.9450e-02
 -5.0800e-02  2.9475e-02
 -4.9300e-02  9.2400e-02
 -4.8475e-02  8.9650e-02
  2.5875e-02  5.0700e-02
 -1.9100e-02  6.2075e-02
 -7.4300e-02  2.8950e-02
 -6.3250e-03  4.3550e-02
  9.6500e-03  1.3725e-02
  5.1150e-02  4.3750e-02
  1.4250e-03  3.1225e-02
 -3.9525e-02  1.9075e-02
  5.0000e-05  2.8800e-02
 -1.4150e-02  4.0850e-02
 -6.8475e-02  6.3375e-02
 -7.7250e-02  2.9550e-02
  8.0000e-03  2.0550e-02
 -5.6000e-03  1.1675e-02
  5.2000e-03  4.0150e-02
  4.9650e-02  1.8000e-03
 -5.2250e-03  5.1000e-03
 -1.1500e-02  8.5700e-02
  3.5875e-02  4.0075e-02
 -5.3025e-02  7.6850e-02
 -4.1025e-02  4.7750e-03
 -4.0700e-02  5.3375e-02
  5.5125e-02  1.5525e-02
  7.3500e-03  2.4775e-02
 -1.0900e-02  1.0875e-02
 -6.0050e-02  5.6325e-02
  6.4625e-02  2.0400e-02
  3.1625e-02  1.3225e-02
  7.6725e-02  6.1700e-02
 -3.5350e-02  5.9100e-02
  7.9075e-02  1.2125e-02
  1.6550e-02  6.1925e-02
  4.0075e-02  3.7500e-02
 -4.1550e-02  1.0575e-02
 -6.9125e-02  1.3975e-02
 -1.2275e-02  5.9300e-02
 -1.6875e-02  9.3975e-02
 -6.8500e-02  3.4700e-02
 -4.9850e-02  8.2500e-03
 -4.2725e-02  4.0800e-02
 -1.0512e-01  9.0550e-02
  4.2150e-02  5.2925e-02
 -3.5600e-02  3.3600e-02
 -2.4075e-02  6.5575e-02
 -1.9625e-02  6.4900e-02
  3.9900e-02  3.5600e-02
 -1.1725e-02  3.2625e-02
  2.7750e-02  1.5825e-02
 -3.7575e-02  4.2375e-02
  1.7400e-02  1.0400e-02
 -7.2050e-02  3.0450e-02
 -5.8325e-02  3.0375e-02
 -4.7325e-02  1.1200e-02
 -1.6425e-02  4.5700e-02
 -2.1000e-02  5.1325e-02
  4.2225e-02  8.6250e-03
  3.8400e-02  1.6925e-02
 -1.3075e-02  2.1200e-02
 -7.1975e-02  2.3825e-02
 -4.5500e-03  2.8850e-02
 -4.0500e-02  4.2150e-02
  5.6700e-02  4.2050e-02
  1.6425e-02  3.8325e-02
 -1.1825e-02  3.0850e-02
  5.7500e-04  1.6000e-03
  2.3950e-02  4.8200e-02
  2.9625e-02  4.7750e-03
 -3.1300e-02  3.6150e-02
  2.2500e-03  3.5500e-02
  3.0250e-02  6.3100e-02
  8.4750e-03  3.2450e-02
 -3.0975e-02  1.8325e-02
 -1.6000e-02  3.9950e-02
  1.2850e-02  1.7000e-03
 -1.1177e-01  1.2725e-02
  1.7250e-03  3.6825e-02
  6.3500e-03  2.4450e-02
 -2.6250e-02  4.1525e-02
 -4.6425e-02  7.1425e-02
 -5.3100e-02  3.6650e-02
  1.0275e-02  1.1400e-02
 -9.2025e-02  3.1600e-02
 -1.9300e-02  1.9350e-02
  5.1075e-02  4.2950e-02
  8.1775e-02  3.7875e-02
  3.8950e-02  2.5375e-02
  3.9250e-03  2.0550e-02
  3.5300e-02  3.2750e-02
 -3.6975e-02  1.0900e-02
  8.6750e-03  5.8375e-02
  4.9425e-02  1.8200e-02
 -5.3125e-02  3.6750e-03
  5.4000e-02  3.3075e-02
  3.4825e-02  4.3375e-02
  5.6625e-02  5.7325e-02
 -2.2300e-02  6.0725e-02
 -4.1525e-02  3.5500e-03
  5.6750e-03  2.7775e-02
  2.3725e-02  5.1750e-03
  4.6425e-02  3.0000e-03
 -8.8250e-03  5.2450e-02
  2.0175e-02  3.7000e-03
  3.1975e-02  1.5950e-02
 -6.2500e-03  3.3300e-02
  4.9500e-03  2.1575e-02
  1.6725e-02  5.1000e-02
  9.1450e-02  9.5250e-03
  5.7550e-02  1.2750e-03
 -6.0150e-02  6.7525e-02
 -3.9850e-02  1.7125e-02
  3.1000e-02  5.9750e-02
 -4.4225e-02  7.9000e-03
  1.2500e-04  7.2500e-03
  3.4650e-02  2.3475e-02
  1.0950e-02  5.7000e-03
  2.3650e-02  4.2750e-02
 -4.4000e-03  1.1625e-02
 -3.1925e-02  2.8275e-02
 -6.1050e-02  1.0475e-02
 -6.1125e-02  8.8250e-03
 -2.0000e-02  1.0775e-02
 -7.0000e-02  3.3975e-02
 -4.5000e-02  1.3400e-02
 -9.6325e-02  2.5350e-02
 -2.3850e-02  3.3900e-02
  5.7000e-03  5.7150e-02
  4.5600e-02  6.2300e-02
 -6.9225e-02  2.5625e-02
 -2.4650e-02  2.0250e-02
 -2.8675e-02  1.3875e-02
  1.9500e-03  1.3300e-02
  8.4000e-03  3.6025e-02
  7.8400e-02  9.6000e-02
 -4.8175e-02  1.0013e-01
  4.0600e-02  5.7475e-02
  4.4725e-02  2.1750e-02
  3.7900e-02  8.9250e-03
 -6.8875e-02  5.1850e-02
 -7.8250e-02  3.3300e-02
  3.4325e-02  2.8900e-02
 -2.5550e-02  2.6950e-02
  7.0825e-02  5.3075e-02
  3.3775e-02  2.0450e-02
  4.2050e-02  1.5200e-02
  3.9600e-02  6.1275e-02
  4.2225e-02  2.9675e-02
 -6.1875e-02  3.7075e-02
 -8.4500e-03  1.7150e-02
 -2.4975e-02  7.1250e-03
  5.0375e-02  2.8925e-02
 -4.9475e-02  1.4150e-02
  7.1750e-02  3.7375e-02
 -2.2825e-02  7.8750e-03
 -4.4750e-03  5.6850e-02
  1.9425e-02  9.0000e-02
 -2.4150e-02  3.0900e-02
 -2.3825e-02  2.8875e-02
 -4.4950e-02  2.2350e-02
  1.4975e-02  4.0325e-02
 -5.1225e-02  2.2950e-02
 -2.0250e-03  3.2775e-02
  1.7425e-02  2.6700e-02
 -4.5375e-02  4.1875e-02
  2.0450e-02  7.5450e-02
 -9.8750e-03  4.7500e-04
 -5.2500e-03  5.1275e-02
  1.6350e-02  2.1750e-02
  3.3250e-02  4.0775e-02
 -2.7000e-02  3.2075e-02
  1.2775e-02  3.5500e-03
 -1.4250e-03  3.0425e-02
 -5.8475e-02  4.1150e-02
 -1.8725e-02  6.5750e-03
  2.7325e-02  1.1300e-02
  2.6500e-03  6.0000e-04
  1.1775e-02  3.5000e-02
  9.6275e-02  4.2175e-02
 -1.1450e-01  6.2575e-02
  2.0825e-02  9.1000e-03
 -3.2275e-02  8.6750e-03
  8.2500e-04  4.2800e-02
  8.9750e-03  9.2500e-04
  1.0000e-04  6.8525e-02
 -4.4925e-02  2.9300e-02
  7.5050e-02  5.6250e-03
  6.5200e-02  5.2250e-03
 -9.2500e-04  9.2750e-03
  5.4025e-02  3.1050e-02
  1.0905e-01  2.7150e-02
 -1.3500e-03  9.3250e-03
 -6.8500e-03  5.3775e-02
 -2.8700e-02  6.3150e-02
 -7.2175e-02  3.0900e-02
 -2.0000e-03  8.6000e-03
 -5.5125e-02  1.7125e-02
 -7.4500e-03  5.1300e-02
 -6.3950e-02  5.9350e-02
  6.5200e-02  4.0175e-02
  1.3500e-03  1.8450e-02
  5.3300e-02  1.0400e-02
 -6.0275e-02  5.5450e-02
 -1.1685e-01  1.2750e-02
 -6.7575e-02  2.7900e-02
  5.1325e-02  2.0550e-02
  3.2250e-03  3.1350e-02
  3.4900e-02  2.3875e-02
 -1.1600e-02  9.8400e-02
  4.1025e-02  5.6800e-02
  3.8750e-02  3.1175e-02
  3.8850e-02  2.7600e-02
  3.2425e-02  4.2375e-02
 -2.4575e-02  9.8625e-02
  1.7325e-02  3.6850e-02
 -5.9625e-02  1.3225e-02
  7.7500e-04  3.9175e-02
 -2.7200e-02  1.8675e-02
  2.8400e-02  5.3250e-02
  3.4975e-02  3.4325e-02
  2.1000e-03  1.7825e-02
  1.6875e-02  1.9100e-02
  3.7575e-02  1.7400e-02
  3.8400e-02  2.8900e-02
 -5.2375e-02  2.1925e-02
  4.2425e-02  2.3975e-02
 -3.3750e-02  5.1000e-03
  2.7325e-02  6.5900e-02
 -1.5050e-02  2.0125e-02
 -2.1350e-02  2.0650e-02
  2.8375e-02  4.9750e-02
  1.3875e-02  4.3500e-02
 -4.8000e-02  2.3125e-02
  8.2750e-03  1.9500e-02
  8.8750e-02  3.0250e-03
  2.2625e-02  2.7925e-02
 -1.2500e-02  5.7875e-02
  2.7575e-02  4.9250e-03
  8.2750e-03  1.7650e-02
 -2.6975e-02  2.7525e-02
 -4.4725e-02  7.6025e-02
 -2.0600e-02  4.3625e-02
  2.6050e-02  3.1675e-02
 -2.3600e-02  2.7650e-02
 -7.7175e-02  2.8775e-02
  3.3500e-02  1.8175e-02
 -1.7400e-02  4.9175e-02
 -1.2800e-02  4.0350e-02
 -2.9700e-02  8.0400e-02
 -4.8400e-02  1.0550e-02
 -2.0550e-02  6.8475e-02
 -8.3950e-02  6.3375e-02
 -6.9975e-02  2.8250e-02
 -2.8025e-02  3.5850e-02
 -3.0425e-02  8.1250e-03
 -8.9675e-02  4.4200e-02
 -6.1825e-02  2.6475e-02
  5.5250e-03  2.8900e-02
  6.3250e-03  1.1850e-02
 -7.7025e-02  3.4975e-02
 -5.8900e-02  6.0675e-02
 -5.1600e-02  6.1225e-02
 -8.2700e-02  5.7450e-02
 -7.6200e-02  2.3500e-03
 -4.1925e-02  4.6050e-02
 -4.7450e-02  2.7300e-02
  2.7500e-04  2.5025e-02
 -6.1250e-03  1.6750e-03
 -6.9475e-02  2.1850e-02
 -2.1300e-02  3.9375e-02
 -3.3800e-02  1.4175e-02
  5.8700e-02  6.4125e-02
  4.0750e-03  1.0750e-02
 -3.6425e-02  6.0200e-02
 -9.2750e-03  3.1250e-03
  2.6100e-02  6.6725e-02
  1.9775e-02  3.4150e-02
 -1.7000e-02  3.2000e-03
  5.7125e-02  5.0275e-02
  6.9450e-02  4.8175e-02
 -7.2500e-04  2.7125e-02
 -1.8250e-02  2.6050e-02
  1.4200e-02  2.1575e-02
 -9.2725e-02  3.9850e-02
  1.5825e-02  4.5750e-03
  3.5625e-02  2.1000e-02
 -2.5750e-02  7.9325e-02
 -4.1975e-02  4.3025e-02
  3.1925e-02  3.1125e-02
  5.9000e-03  3.7100e-02
 -5.9175e-02  6.0000e-03
 -3.0125e-02  8.1500e-03
 -1.7375e-02  5.0000e-04
  1.0275e-02  6.6000e-03
 -2.6625e-02  3.8850e-02
 -1.6100e-02  3.8650e-02
 -5.6475e-02  6.2225e-02
 -3.4800e-02  2.2525e-02
  6.0050e-02  4.4125e-02
 -1.8025e-02  1.1603e-01
 -3.9625e-02  4.3650e-02
 -6.5175e-02  7.1475e-02
 -3.1400e-02  7.1750e-03
 -5.0000e-03  1.7250e-03
 -8.8450e-02  3.7025e-02
 -2.8875e-02  2.0000e-03
 -2.4100e-02  3.3250e-03
  2.7025e-02  5.3250e-03
  3.5575e-02  1.4500e-03
  7.0650e-02  2.6000e-02
  2.6975e-02  3.0025e-02
 -7.7750e-03  5.0500e-03
 -6.1175e-02  4.1925e-02
 -9.5675e-02  7.0075e-02
 -6.2250e-02  2.0000e-02
  2.4700e-02  3.5250e-03
  3.1100e-02  6.4750e-03
  1.0125e-02  2.1850e-02
  2.8025e-02  2.6375e-02
  9.8500e-03  2.2400e-02
  1.2800e-02  2.5925e-02
 -2.5450e-02  8.1125e-02
  1.8250e-03  5.4400e-02
 -2.2725e-02  3.3850e-02
  1.2500e-03  7.4250e-03
 -4.4600e-02  1.1925e-02
 -3.8025e-02  1.1575e-02
  5.4000e-03  3.8350e-02
  1.1975e-02  3.3925e-02
 -2.3425e-02  3.0250e-03
  2.1125e-02  4.0200e-02
  3.5925e-02  4.3025e-02
 -1.1275e-02  3.7250e-03
 -2.6800e-02  3.6650e-02
  6.0900e-02  1.0025e-02
  1.8875e-02  2.1200e-02
 -2.4250e-02  2.1325e-02
 -3.7475e-02  1.2950e-02
 -2.1625e-02  5.0000e-05
 -5.7050e-02  4.5200e-02
  1.0250e-03  8.7750e-03
 -5.1950e-02  3.0725e-02
 -3.9650e-02  9.6250e-03
 -8.7750e-03  5.5250e-03
 -7.7600e-02  8.5950e-02
  1.9050e-02  2.0250e-03
 -9.1075e-02  7.5000e-04
 -5.7300e-02  5.8700e-02
 -2.6275e-02  4.2025e-02
 -4.7900e-02  1.8300e-02
 -4.6300e-02  6.3250e-03
  4.1375e-02  4.4275e-02
  3.0675e-02  5.2200e-02
  2.8675e-02  1.5850e-02
 -5.2875e-02  1.6950e-02
 -4.1225e-02  6.0000e-04
 -3.4825e-02  1.9450e-02
  1.6925e-02  4.2250e-03
  5.1750e-03  8.6250e-03
  6.2450e-02  3.9475e-02
 -3.4575e-02  8.7000e-03
  1.6675e-02  1.0000e-03
 -8.8250e-03  5.7650e-02
  4.0775e-02  2.0075e-02
  1.6650e-02  9.7250e-03
  8.3925e-02  9.9500e-03
  2.6150e-02  5.0650e-02
  1.4550e-02  1.4425e-02
 -3.1100e-02  6.7750e-03
  4.6675e-02  4.2700e-02
 -1.6800e-02  2.5450e-02
  5.3975e-02  3.9425e-02
 -4.0000e-02  1.7175e-02
  6.8975e-02  3.6650e-02
  7.7250e-02  1.7225e-02
  1.9450e-02  9.5225e-02
  1.9075e-02  7.5900e-02
 -6.0925e-02  7.4550e-02
 -3.0350e-02  3.1100e-02
 -7.0175e-02  1.4525e-02
 -4.0000e-04  4.8900e-02
  1.0977e-01  8.7000e-03
 -2.6500e-02  3.2575e-02
 -1.1525e-02  6.7675e-02
  8.2500e-03  6.0350e-02
  9.0000e-03  9.6925e-02
 -1.7750e-02  3.9850e-02
  1.0500e-02  1.1725e-02
 -1.3162e-01  7.5250e-03
  2.8000e-03  6.4200e-02
  7.5000e-03  6.2350e-02
 -2.6300e-02  8.3625e-02
 -7.2400e-02  7.5000e-04
  3.6850e-02  2.5950e-02
  1.1000e-03  4.4800e-02
 -3.3650e-02  4.7750e-03
  2.9275e-02  4.9350e-02
  2.4925e-02  6.8250e-03
 -4.2575e-02  1.9925e-02
 -4.3250e-03  1.7075e-02
  3.8900e-02  2.6250e-03
 -4.2000e-03  1.3975e-02
  1.1550e-02  1.5250e-02
  6.4550e-02  1.6375e-02
 -3.1375e-02  8.4750e-03
  1.0825e-02  1.3100e-02
 -1.2300e-02  6.7300e-02
  3.8825e-02  1.0787e-01
  7.9250e-02  5.8275e-02
 -7.9500e-03  5.5050e-02
 -1.5250e-02  2.6900e-02
 -1.3475e-02  3.7750e-03
 -3.9250e-02  6.6325e-02
  1.4850e-02  1.7750e-03
  2.3750e-03  8.1650e-02
 -1.3725e-02  1.1825e-02
 -1.2800e-02  1.5775e-02
  7.9750e-03  2.2375e-02
  4.7775e-02  1.4425e-02
 -6.8775e-02  5.5500e-03
 -5.3375e-02  4.0450e-02
  2.6825e-02  3.7700e-02
  1.0000e-04  1.2325e-02
  6.7250e-02  1.2350e-02
  3.9500e-02  3.3075e-02
  5.3850e-02  6.2725e-02
  2.3325e-02  1.6225e-02
  5.4500e-03  4.2450e-02
  7.8975e-02  5.2150e-02
  5.5150e-02  1.2425e-02
  1.0562e-01  5.4075e-02
 -2.1500e-03  3.7975e-02
 -2.9075e-02  3.1525e-02
 -5.3125e-02  8.2750e-03
  2.2250e-03  5.1450e-02
  1.9850e-02  2.8225e-02
 -2.5075e-02  1.9275e-02
  6.2500e-03  5.1175e-02
 -6.6025e-02  2.4150e-02
 -4.2075e-02  3.6400e-02
 -2.4250e-02  1.9850e-02
  4.1050e-02  1.8300e-02
  1.7700e-02  4.3750e-02
  1.0168e-01  2.8650e-02
  5.1325e-02  5.4750e-03
 -1.0748e-01  2.0750e-02
 -2.2375e-02  9.0000e-04
 -7.1250e-02  5.6200e-02
 -3.4300e-02  2.5050e-02
 -1.8075e-02  4.2725e-02
  3.7525e-02  4.3450e-02
 -2.7250e-03  1.4825e-02
 -7.8000e-03  3.5825e-02
  6.1000e-03  6.2975e-02
 -1.3925e-02  6.7475e-02
  4.3600e-02  2.5000e-04
  2.9625e-02  2.0750e-03
  1.2000e-03  1.5800e-02
 -2.0275e-02  6.7250e-03
 -5.2800e-02  1.6225e-02
 -2.4000e-03  6.4000e-03
 -1.4025e-02  4.1750e-03
 -1.8075e-02  5.7025e-02
  1.5000e-02  3.0725e-02
  8.5300e-02  1.1700e-02
 -9.8750e-03  1.3250e-02
 -9.9500e-03  2.8000e-03
  3.5500e-02  1.2500e-02
  2.7950e-02  3.2000e-03
 -4.6575e-02  8.7500e-04
  3.4625e-02  2.2675e-02
 -1.0975e-02  8.0750e-03
 -5.3675e-02  6.4900e-02
  3.5625e-02  4.9075e-02
 -3.5200e-02  1.7225e-02
  3.8675e-02  7.3000e-03
  2.1525e-02  1.7150e-02
 -4.7350e-02  3.0275e-02
 -4.0750e-02  2.5750e-02
  1.7525e-02  3.4875e-02
 -5.0100e-02  1.6375e-02
 -5.6600e-02  7.3925e-02
  5.3475e-02  5.6025e-02
 -2.5900e-02  4.8750e-03
 -3.3425e-02  2.0000e-04
  1.4775e-02  7.3250e-03
 -1.6925e-02  6.8750e-02
 -5.6500e-03  8.3500e-03
 -3.1275e-02  3.1325e-02
 -2.9650e-02  1.0950e-02
  1.1250e-03  5.2225e-02
 -6.2750e-02  4.9000e-02
 -5.2000e-02  6.4300e-02
  7.7250e-03  5.0050e-02
 -3.8200e-02  2.1950e-02
  3.3075e-02  3.6900e-02
 -4.2575e-02  6.0750e-03
 -3.7200e-02  1.9625e-02
  2.8075e-02  7.8975e-02
  2.6200e-02  4.9250e-03
  2.2450e-02  2.2875e-02
 -3.0225e-02  1.0675e-02
 -6.6600e-02  1.0550e-02
  3.7850e-02  1.3375e-02
  7.2000e-02  2.4950e-02
 -5.5550e-02  4.5000e-02
  1.3390e-01  1.7850e-02
  4.0000e-04  4.2750e-02
  8.7250e-03  3.2600e-02
 -4.8425e-02  3.6025e-02
 -4.6650e-02  4.0550e-02
  5.1000e-03  4.5600e-02
  6.0550e-02  9.0500e-03
 -2.1875e-02  1.4500e-03
 -2.3775e-02  2.6550e-02
  3.0575e-02  3.0275e-02
 -2.9750e-03  2.5025e-02
 -9.2500e-03  5.0425e-02
  2.1550e-02  4.5175e-02
 -5.9000e-02  2.7950e-02
  1.0600e-01  5.6750e-03
  8.9650e-02  2.8750e-02
  1.5225e-02  4.8850e-02
  5.0000e-04  5.0000e-03
  3.1400e-02  5.9450e-02
  2.4575e-02  6.7900e-02
  7.6825e-02  6.0225e-02
  4.1250e-03  2.0400e-02
  2.4800e-02  2.3500e-03
 -1.6325e-02  1.3650e-02
 -3.6500e-03  1.8425e-02
 -7.3750e-03  2.6675e-02
 -2.6975e-02  8.3250e-03
  1.1500e-02  2.9350e-02
 -2.7375e-02  1.2200e-02
 -9.4750e-03  2.5375e-02
  5.3475e-02  2.5675e-02
 -3.8925e-02  1.9575e-02
 -2.5275e-02  1.4975e-02
  2.9150e-02  2.2500e-02
  7.9375e-02  2.9950e-02
  9.7500e-03  1.4925e-02
  6.8625e-02  2.3225e-02
  6.0600e-02  3.7525e-02
  1.3800e-02  3.7050e-02
  8.2525e-02  5.8175e-02
 -2.0100e-02  1.7225e-02
  2.3225e-02  4.8325e-02
 -5.5325e-02  3.9625e-02
  2.0500e-03  6.1625e-02
  9.4525e-02  1.8625e-02
  7.0950e-02  2.8275e-02
  8.5500e-03  1.9875e-02
  1.1460e-01  3.3750e-02
  3.2300e-02  3.7825e-02
  9.2750e-03  8.9950e-02
 -5.8750e-03  1.7800e-02
  1.0107e-01  8.0250e-03
  7.6100e-02  2.6350e-02
  2.6100e-02  5.5700e-02
 -3.5150e-02  2.0525e-02
 -4.8825e-02  2.2250e-03
  7.7500e-04  2.2325e-02
 -2.1500e-02  1.9375e-02
 -1.4900e-02  4.0000e-02
  2.7000e-03  3.2000e-02
  1.9500e-02  2.1750e-03
  7.6550e-02  6.3925e-02
 -3.8250e-03  4.0950e-02
  2.0625e-02  1.3100e-02
  3.8425e-02  3.7650e-02
  4.0050e-02  8.1750e-03
  7.8850e-02  3.3250e-02
  1.4950e-02  1.0075e-02
 -1.9150e-02  2.8925e-02
  3.9000e-03  8.0000e-04
  8.7525e-02  1.1900e-02
  1.2075e-02  1.5575e-02
 -1.3200e-02  8.5000e-03
 -7.2175e-02  3.2325e-02
 -3.4475e-02  8.9000e-03
 -6.9775e-02  1.3125e-02
  1.5675e-02  2.2900e-02
 -1.3875e-02  7.7000e-03
  4.1250e-03  4.7475e-02
  3.5150e-02  5.9200e-02
  6.0750e-03  3.3875e-02
 -1.8050e-02  2.0025e-02
 -4.5450e-02  6.7025e-02
 -2.6250e-02  1.5025e-02
 -1.5800e-02  1.3700e-02
 -5.1100e-02  3.9700e-02
  7.7725e-02  1.0850e-02
  4.7675e-02  3.8075e-02
 -3.2075e-02  3.8375e-02
  2.8075e-02  3.7150e-02
  8.2125e-02  3.0700e-02
 -4.2675e-02  7.7500e-04
 -5.4875e-02  2.1750e-03
 -2.9700e-02  5.7675e-02
  1.6000e-03  3.4175e-02
 -1.2122e-01  5.7800e-02
 -7.1400e-02  3.4550e-02
  1.5700e-02  1.2500e-03
 -3.2625e-02  4.5950e-02
  3.4900e-02  6.4750e-03
  2.7475e-02  7.0250e-03
  2.7475e-02  2.7775e-02
  1.5075e-02  1.7500e-02
  2.1725e-02  7.9000e-03
  3.9950e-02  1.2750e-02
  4.1100e-02  6.1000e-03
  1.7550e-02  2.7500e-03
  3.1450e-02  1.1600e-02
 -4.1925e-02  5.4825e-02
 -1.4300e-02  4.3200e-02
 -7.9525e-02  1.3300e-02
 -4.6575e-02  3.9500e-02
  8.4500e-02  2.4525e-02
  1.0243e-01  4.4000e-03
  1.7600e-02  3.7025e-02
  5.0225e-02  1.0325e-02
  6.9750e-02  5.7250e-03
  7.2650e-02  1.2275e-02
  1.6125e-02  1.2775e-02
 -3.5725e-02  6.2425e-02
  5.5075e-02  3.7700e-02
  4.7750e-03  8.9625e-02
 -2.3975e-02  1.7050e-02
 -2.4650e-02  5.4725e-02
  4.2625e-02  2.2400e-02
 -5.5875e-02  3.8800e-02
 -2.5025e-02  1.4000e-02
 -2.4300e-02  2.1950e-02
  7.1000e-03  2.2125e-02
 -7.7075e-02  3.5700e-02
 -9.1275e-02  2.6525e-02
 -8.6500e-03  1.2725e-02
 -2.5325e-02  2.4075e-02
  3.3575e-02  4.0650e-02
  3.7225e-02  2.2925e-02
  5.8000e-02  2.6475e-02
 -3.3425e-02  3.1500e-03
  5.3000e-03  1.9775e-02
  5.9250e-03  9.9425e-02
 -5.5500e-02  7.5525e-02
 -5.6225e-02  6.0025e-02
 -3.4000e-03  5.7325e-02
 -4.7650e-02  6.5625e-02
 -2.8850e-02  3.8875e-02
  7.1600e-02  1.7525e-02
  9.8750e-03  1.2725e-02
 -4.9950e-02  2.8000e-03
  3.3600e-02  5.3750e-02
 -7.6375e-02  3.0850e-02
 -1.4900e-02  4.6675e-02
 -7.7000e-02  1.5600e-02
 -5.3300e-02  4.5250e-03
  2.7050e-02  1.4700e-02
  4.3325e-02  1.4400e-02
  1.8800e-02  3.6825e-02
  4.0250e-03  1.1025e-02
  8.9025e-02  1.5300e-02
  4.7250e-03  1.3625e-02
  8.5750e-03  1.4525e-02
 -6.5650e-02  2.3400e-02
 -4.3150e-02  2.4250e-02
  1.8350e-02  3.3350e-02
  1.4775e-02  2.7400e-02
 -6.3050e-02  2.6125e-02
 -8.0050e-02  2.5450e-02
  1.1525e-02  1.4325e-02
  2.1250e-03  1.1325e-02
 -4.0625e-02  6.2025e-02
 -5.6150e-02  1.2950e-02
 -3.4350e-02  3.6900e-02
  5.4725e-02  1.6000e-03
  1.0675e-02  4.1050e-02
 -1.1150e-02  7.5000e-05
 -4.4000e-02  9.7500e-03
 -2.9700e-02  4.1550e-02
 -3.1050e-02  4.2875e-02
  1.5675e-02  1.5550e-02
 -2.9700e-02  9.6250e-03
 -2.3850e-02  4.6675e-02
  9.4700e-02  3.7325e-02
  8.5775e-02  1.3750e-02
  6.0800e-02  1.5875e-02
 -5.4475e-02  3.5225e-02
 -2.8075e-02  5.4125e-02
 -1.8325e-02  6.2800e-02
 -3.1275e-02  7.5375e-02
  1.0975e-02  1.2650e-02
  5.2600e-02  1.0225e-02
 -2.2750e-03  5.2500e-04
